#centro		punto1		punto2		punto3		punto4		puntoN...
-100.0,300.0	-100.0,300.0	-100.0,-700.0	-110.0,-700.0	-110.0,300.0
100.0,500.0	100.0,500.0	-100.0,300.0	-100.0,500.0
300.0,600	300.0,600	300.0,500.0	100.0,500.0	100.0,600.0
500.0,600.0	500.0,600.0	300.0,500.0	300.0,600.0
600.0,800.0	600.0,800.0	500.0,600.0	500.0,800.0
700.0,900.0	700.0,900.0	600.0,800.0	600.0,900.0
800.0,1000.0	800.0,1000.0	800.0,900.0	700.0,900.0	700.0,1000.0
900.0,900.0	900.0,900.0	900.0,800.0	800.0,900.0
1000.0,800.0	1000.0,800.0	1000.0,600.0	900.0,800.0
1100.0,600.0	1100.0,600.0	1100.0,-100.0	1000.0,-100.0	1000.0,600.0
1000.0,-100.0	1000.0,-100.0	1000.0,-300.0	800.0,-300.0
800.0,-300.0	800.0,-300.0	800.0,-400.0	600.0,-400.0	600.0,-300.0
700.0,-400.0	700.0,-400.0	700.0,-600.0	600.0,-600.0	600.0,-400.0
600.0,-600.0	600.0,-600.0	600.0,-800.0	500.0,-800.0
500.0,-800.0	500.0,-800.0	500.0,-900.0	400.0,-900.0
400.0,-900.0	400.0,-900.0	400.0,-1000.0	100.0,-1000.0	100.0,-900.0
-100.0,-700.0	-100.0,-700.0	100.0,-900.0	-100.0,-900.0
#Interno...
800.0,600.0	800.0,600.0	800.0,100.0	700.0,100.0	700.0,600.0
700.0,200.0	700.0,200.0	700.0,100.0	300.0,100.0	300.0,200.0
300.0,200.0	300.0,200.0	300.0,-200.0	200.0,-200.0	200.0,100.0
300.0,-200.0	300.0,-200.0	400.0,-300.0	300.0,-300.0
400.0,-300.0	400.0,-300.0	400.0,-500.0	300.0,-500.0	300.0,-300.0
400.0,-500.0	400.0,-500.0	300.0,-700.0	200.0,-500.0
300.0,-200.0	300.0,-200.0	300.0,-500.0	200.0,-500.0	200.0,-200.0
